12 98 33 91 0
0 50 84 96 0
51 15 85 2 1
52 98 3 100 1
8 83 72 11 0
87 4 20 49 1
81 59 48 53 0
49 58 77 32 1
99 64 51 82 0
33 43 95 17 0
98 53 98 53 0
29 86 32 29 1
78 8 61 86 0
50 3 73 21 1
25 25 79 46 1
90 20 99 91 1
27 78 86 0 0
87 29 8 65 0
35 57 21 44 1
52 70 5 88 1
28 90 40 68 1
1 43 57 26 1
29 99 71 15 0
70 54 38 91 1
8 29 55 92 1
7 52 3 73 1
52 62 96 37 1
28 58 43 24 1
76 7 71 52 1
7 77 11 80 0
65 47 26 56 1
84 30 61 32 1
12 21 28 38 0
18 80 64 81 0
76 37 51 58 0
63 12 74 51 1
50 70 67 21 1
50 3 99 71 1
39 68 66 72 0
1 50 68 56 1
12 41 72 18 1
44 22 25 71 1
81 45 24 6 1
49 1 61 62 0
22 94 26 25 0
72 93 91 91 0
100 77 78 17 1
78 96 52 28 0
86 89 31 25 0
31 86 90 95 1
24 20 30 69 1
46 65 97 72 1
25 6 0 24 1
54 14 69 90 0
11 47 66 16 1
35 68 97 41 1
34 32 95 76 0
41 22 31 47 1
65 27 34 16 0
43 59 0 33 1
70 62 97 49 0
19 86 78 0 1
13 73 4 66 1
83 56 20 2 0
33 1 41 60 0
89 65 54 99 1
93 29 66 87 0
61 8 20 3 0
29 87 16 19 1
0 8 77 0 1
14 11 84 7 0
11 55 86 89 0
72 49 37 36 0
58 6 24 51 0
83 80 23 45 0
51 34 68 81 1
18 55 15 45 1
19 86 95 67 0
42 5 49 18 0
48 91 52 92 0
62 6 51 87 0
92 63 92 71 0
18 9 64 75 1
75 13 29 50 0
83 37 93 19 1
55 74 25 15 1
64 69 24 30 1
46 4 53 17 1
92 32 1 35 1
34 0 10 41 1
73 17 35 32 0
66 88 17 97 0
17 66 26 19 0
59 64 32 1 0
4 19 39 23 0
64 62 55 19 0
62 45 28 31 1
83 75 13 34 1
89 93 37 37 1
45 89 74 6 1
